23.570226039551585
49
0.0 0.0
0.0 16.666666666666668
0.0 33.333333333333336
0.0 50.0
0.0 66.66666666666667
0.0 83.33333333333334
0.0 100.0
16.666666666666668 0.0
16.666666666666668 16.666666666666668
16.666666666666668 33.333333333333336
16.666666666666668 50.0
16.666666666666668 66.66666666666667
16.666666666666668 83.33333333333334
16.666666666666668 100.0
33.333333333333336 0.0
33.333333333333336 16.666666666666668
33.333333333333336 33.333333333333336
33.333333333333336 50.0
33.333333333333336 66.66666666666667
33.333333333333336 83.33333333333334
33.333333333333336 100.0
50.0 0.0
50.0 16.666666666666668
50.0 33.333333333333336
50.0 50.0
50.0 66.66666666666667
50.0 83.33333333333334
50.0 100.0
66.66666666666667 0.0
66.66666666666667 16.666666666666668
66.66666666666667 33.333333333333336
66.66666666666667 50.0
66.66666666666667 66.66666666666667
66.66666666666667 83.33333333333334
66.66666666666667 100.0
83.33333333333334 0.0
83.33333333333334 16.666666666666668
83.33333333333334 33.333333333333336
83.33333333333334 50.0
83.33333333333334 66.66666666666667
83.33333333333334 83.33333333333334
83.33333333333334 100.0
100.0 0.0
100.0 16.666666666666668
100.0 33.333333333333336
100.0 50.0
100.0 66.66666666666667
100.0 83.33333333333334
100.0 100.0
10
48.88161935309445 71.28481724741094
47.461339077297694 26.597495311424225
87.17640794698198 54.17138322970014
39.966265294138516 28.464991001733676
95.28318213344204 3.6359907000714453
68.54869027996409 70.5772268557234
27.76309657715871 28.36325856850689
20.087859356067217 90.66292376643005
44.64859990047246 81.94536489623123
47.8899603467702 16.203335716237454
