15.713484026367722
100
0.0 0.0
0.0 11.11111111111111
0.0 22.22222222222222
0.0 33.33333333333333
0.0 44.44444444444444
0.0 55.55555555555556
0.0 66.66666666666666
0.0 77.77777777777777
0.0 88.88888888888889
0.0 100.0
11.11111111111111 0.0
11.11111111111111 11.11111111111111
11.11111111111111 22.22222222222222
11.11111111111111 33.33333333333333
11.11111111111111 44.44444444444444
11.11111111111111 55.55555555555556
11.11111111111111 66.66666666666666
11.11111111111111 77.77777777777777
11.11111111111111 88.88888888888889
11.11111111111111 100.0
22.22222222222222 0.0
22.22222222222222 11.11111111111111
22.22222222222222 22.22222222222222
22.22222222222222 33.33333333333333
22.22222222222222 44.44444444444444
22.22222222222222 55.55555555555556
22.22222222222222 66.66666666666666
22.22222222222222 77.77777777777777
22.22222222222222 88.88888888888889
22.22222222222222 100.0
33.33333333333333 0.0
33.33333333333333 11.11111111111111
33.33333333333333 22.22222222222222
33.33333333333333 33.33333333333333
33.33333333333333 44.44444444444444
33.33333333333333 55.55555555555556
33.33333333333333 66.66666666666666
33.33333333333333 77.77777777777777
33.33333333333333 88.88888888888889
33.33333333333333 100.0
44.44444444444444 0.0
44.44444444444444 11.11111111111111
44.44444444444444 22.22222222222222
44.44444444444444 33.33333333333333
44.44444444444444 44.44444444444444
44.44444444444444 55.55555555555556
44.44444444444444 66.66666666666666
44.44444444444444 77.77777777777777
44.44444444444444 88.88888888888889
44.44444444444444 100.0
55.55555555555556 0.0
55.55555555555556 11.11111111111111
55.55555555555556 22.22222222222222
55.55555555555556 33.33333333333333
55.55555555555556 44.44444444444444
55.55555555555556 55.55555555555556
55.55555555555556 66.66666666666666
55.55555555555556 77.77777777777777
55.55555555555556 88.88888888888889
55.55555555555556 100.0
66.66666666666666 0.0
66.66666666666666 11.11111111111111
66.66666666666666 22.22222222222222
66.66666666666666 33.33333333333333
66.66666666666666 44.44444444444444
66.66666666666666 55.55555555555556
66.66666666666666 66.66666666666666
66.66666666666666 77.77777777777777
66.66666666666666 88.88888888888889
66.66666666666666 100.0
77.77777777777777 0.0
77.77777777777777 11.11111111111111
77.77777777777777 22.22222222222222
77.77777777777777 33.33333333333333
77.77777777777777 44.44444444444444
77.77777777777777 55.55555555555556
77.77777777777777 66.66666666666666
77.77777777777777 77.77777777777777
77.77777777777777 88.88888888888889
77.77777777777777 100.0
88.88888888888889 0.0
88.88888888888889 11.11111111111111
88.88888888888889 22.22222222222222
88.88888888888889 33.33333333333333
88.88888888888889 44.44444444444444
88.88888888888889 55.55555555555556
88.88888888888889 66.66666666666666
88.88888888888889 77.77777777777777
88.88888888888889 88.88888888888889
88.88888888888889 100.0
100.0 0.0
100.0 11.11111111111111
100.0 22.22222222222222
100.0 33.33333333333333
100.0 44.44444444444444
100.0 55.55555555555556
100.0 66.66666666666666
100.0 77.77777777777777
100.0 88.88888888888889
100.0 100.0
20
21.947361568842773 92.53675931257372
12.61728860140292 75.01587442904267
1.3419871410482065 10.830007142488729
41.52490630232617 65.69165606337026
77.35873091403583 95.8505730465596
95.34078128703433 3.707570679091443
51.354743184368644 78.44513942994054
45.21481220074091 4.1514043888426055
95.63725312463399 84.79043500154869
30.826419434340558 55.65207517064857
25.967352338744277 90.03269049379749
41.7647616516434 7.71832031026054
22.6385115601864 82.98683477291945
38.54353618264417 93.58474726893175
89.59624285074852 7.846331083726654
55.29781689849431 89.45657743155367
58.961597325780424 93.96994687724514
22.985126137168177 92.75956966085356
2.835851755402874 39.01897114792361
63.366921016527264 22.41252967773478
